0 0.75 0.80234375 0.4671875 0.11875
0 0.72109375 0.54375 0.346875 0.1046875
0 0.74765625 0.29375 0.4703125 0.09375
0 0.7484375 0.40703125 0.471875 0.09375
0 0.721875 0.6734375 0.3484375 0.1046875
0 0.75078125 0.93046875 0.465625 0.11875
0 0.7484375 0.05078125 0.5 0.0953125
0 0.7484375 0.1765625 0.5 0.096875
0 0.24765625 0.42421875 0.4796875 0.1
0 0.24765625 0.296875 0.4796875 0.1
0 0.24921875 0.54765625 0.471875 0.1140625
0 0.24765625 0.04296875 0.4796875 0.084375
0 0.24921875 0.6796875 0.471875 0.1140625
0 0.24375 0.815625 0.48125 0.1046875
0 0.246875 0.16796875 0.48125 0.084375
0 0.24375 0.94609375 0.48125 0.1046875