0 0.25390625 0.0796875 0.5078125 0.159375
0 0.25390625 0.23828125 0.5078125 0.153125
0 0.24765625 0.37578125 0.4953125 0.1015625
0 0.24765625 0.48125 0.4953125 0.1
0 0.2546875 0.590625 0.509375 0.1125
0 0.24765625 0.7015625 0.4953125 0.115625
0 0.25234375 0.8453125 0.5046875 0.13125
0 0.2484375 0.946875 0.490625 0.0953125
0 0.7484375 0.08203125 0.503125 0.1640625
0 0.7484375 0.24609375 0.503125 0.1671875
0 0.746875 0.378125 0.50625 0.109375
0 0.74375 0.48671875 0.5125 0.1125
0 0.74375 0.6109375 0.5125 0.1375
0 0.7421875 0.74375 0.515625 0.1375
0 0.740625 0.865625 0.51875 0.0984375
0 0.7390625 0.96015625 0.521875 0.0765625