0 0.9203125 0.25390625 0.159375 0.5078125
0 0.76171875 0.25390625 0.153125 0.5078125
0 0.62421875 0.24765625 0.1015625 0.4953125
0 0.51875 0.24765625 0.1 0.4953125
0 0.409375 0.2546875 0.1125 0.509375
0 0.2984375 0.24765625 0.115625 0.4953125
0 0.1546875 0.25234375 0.13125 0.5046875
0 0.053125 0.2484375 0.0953125 0.490625
0 0.91796875 0.7484375 0.1640625 0.503125
0 0.75390625 0.7484375 0.1671875 0.503125
0 0.621875 0.746875 0.109375 0.50625
0 0.51328125 0.74375 0.1125 0.5125
0 0.3890625 0.74375 0.1375 0.5125
0 0.25625 0.7421875 0.1375 0.515625
0 0.134375 0.740625 0.0984375 0.51875
0 0.03984375 0.7390625 0.0765625 0.521875