0 0.25 0.19765625 0.4671875 0.11875
0 0.27890625 0.45625 0.346875 0.1046875
0 0.25234375 0.70625 0.4703125 0.09375
0 0.2515625 0.59296875 0.471875 0.09375
0 0.278125 0.3265625 0.3484375 0.1046875
0 0.24921875 0.06953125 0.465625 0.11875
0 0.2515625 0.94921875 0.5 0.0953125
0 0.2515625 0.8234375 0.5 0.096875
0 0.75234375 0.57578125 0.4796875 0.1
0 0.75234375 0.703125 0.4796875 0.1
0 0.75078125 0.45234375 0.471875 0.1140625
0 0.75234375 0.95703125 0.4796875 0.084375
0 0.75078125 0.3203125 0.471875 0.1140625
0 0.75625 0.184375 0.48125 0.1046875
0 0.753125 0.83203125 0.48125 0.084375
0 0.75625 0.05390625 0.48125 0.103125